"spec";"h_iter";"eta_gzt_mitt";"eta_gzg_mitt";"sig_gzt_mitt";"sig_gzg_mitt";"w_iter";"gam_ks";"gam_ku";"ei_eff_gzg";"ei_eff_gzt"
"SPEC_1";0.1;3.81909042329105;1.94065850978311;4.3932270169258;2.2324041724205;24.981674194336;0.269603571297369;0.207323875182343;25102982.45;22714541.94
"SPEC_1";0.095;3.15538118349162;1.48940670148285;3.6297401547432;1.71331417560577;25.0086288452149;0.278596620141152;0.215182670557622;25302338.45;22907607.31
"SPEC_1";0.09;2.45889421477935;1.01637581195461;2.82854797840118;1.16917097568512;25.024935722351;0.288277762617028;0.223696926432501;25484585.06;23088421.04
"SPEC_1";0.085;1.72689554484745;0.519242762690245;1.98650550842285;0.597302258014679;25.0349264144897;0.29874601422784;0.232962741155085;25647348.45;23255021.44
"SPEC_1";0.08;0.955492271025676;0.000349221641526502;1.0991346091032;-0.00593676790595054;25.0435733795166;0.310118090384561;0.243094686324327;25787643.21;23405090.38
"SPEC_1";0.08;0.955492271025676;0.000349221641526502;1.0991346091032;-0.00593676790595054;25.0435733795166;0.310118090384561;0.243094686324327;25787643.21;23405090.38
"SPEC_1";0.08;0.955492271025676;0.000349221641526502;1.0991346091032;-0.00593676790595054;25.0435733795166;0.310118090384561;0.243094686324327;25787643.21;23405090.38
"SPEC_1";0.08;0.955492271025676;0.000349221641526502;1.0991346091032;-0.00593676790595054;25.0435733795166;0.310118090384561;0.243094686324327;25787643.21;23405090.38
"SPEC_1";0.08;0.955492271025676;0.000349221641526502;1.0991346091032;-0.00593676790595054;25.0435733795166;0.310118090384561;0.243094686324327;25787643.21;23405090.38
"SPEC_2";0.1;3.09886532187704;1.52382467906049;3.56472807526589;1.75290632247925;13.361620426178;0.254713132396478;0.185122642195984;24573303.49;21740054.27
"SPEC_2";0.095;2.60946259433655;1.19130143701978;3.00175180435181;1.37039375305176;13.3848185539246;0.264993017132061;0.193295039837465;24826079.34;21965994.06
"SPEC_2";0.09;2.09653303869149;0.843722357054926;2.41171183884144;0.97056195139885;13.3990812301636;0.276039952017103;0.202160567844364;25063790.74;22182817.17
"SPEC_2";0.085;1.55832239231556;0.479484111355616;1.79259019196034;0.551566556096077;13.4066009521484;0.287946199393821;0.211812467723893;25283061.85;22387702.01
"SPEC_2";0.08;0.992109534343891;0.0962707200833798;1.14125666767359;0.110743418335915;13.4098978042603;0.300821367861846;0.222362639088276;25480851.52;22578384.24
"SPEC_2";0.08;0.992109534343891;0.0962707200833798;1.14125666767359;0.110743418335915;13.4098978042603;0.300821367861846;0.222362639088276;25480851.52;22578384.24
"SPEC_2";0.08;0.992109534343891;0.0962707200833798;1.14125666767359;0.110743418335915;13.4098978042603;0.300821367861846;0.222362639088276;25480851.52;22578384.24
"SPEC_2";0.08;0.992109534343891;0.0962707200833798;1.14125666767359;0.110743418335915;13.4098978042603;0.300821367861846;0.222362639088276;25480851.52;22578384.24
"SPEC_2";0.08;0.992109534343891;0.0962707200833798;1.14125666767359;0.110743418335915;13.4098978042603;0.300821367861846;0.222362639088276;25480851.52;22578384.24
"SPEC_3";0.1;5.19497047400551;2.80399886948998;5.975947701931;3.22553336620331;48.8382186889648;0.261709073230834;0.21277862386642;24825179.68;22943169
"SPEC_3";0.095;4.27638229789061;2.17650642052349;4.91926510334016;2.50370788574219;48.8969249725341;0.268780610493684;0.219492851165413;24960479.26;23085424.57
"SPEC_3";0.09;3.31014571622364;1.51665688804598;3.80777095556259;1.74466097354889;48.9431133270264;0.276501880732118;0.22682037535906;25079848.03;23214944.08
"SPEC_3";0.085;2.29209592915106;0.821081253799001;2.6366743505001;0.944517135620117;48.9853382110596;0.284975345119209;0.234858142538209;25181046.89;23330360.5
"SPEC_3";0.08;1.21649297051967;0.0852742007040556;1.39937241375446;0.0980937555432319;49.0334377288818;0.294319742371066;0.243720358479561;25262254.24;23429393.79
"SPEC_3";0.075;0.0755162215520423;0.0471474195227903;0.0868688268586993;-0.801506131887435;49.0989055633545;0.304673275643263;0.253542340093323;25320374.18;23509943.03
"SPEC_3";0.075;0.0755162215520423;0.0471474195227903;0.0868688268586993;-0.801506131887435;49.0989055633545;0.304673275643263;0.253542340093323;25320374.18;23509943.03
"SPEC_3";0.075;0.0755162215520423;0.0471474195227903;0.0868688268586993;-0.801506131887435;49.0989055633545;0.304673275643263;0.253542340093323;25320374.18;23509943.03
"SPEC_3";0.075;0.0755162215520423;0.0471474195227903;0.0868688268586993;-0.801506131887435;49.0989055633545;0.304673275643263;0.253542340093323;25320374.18;23509943.03
"SPEC_4";0.1;1.95875706292;0.996649308468563;2.25322354137897;1.146478921175;12.8236842155457;0.269636022698685;0.207344359809636;25104106.43;22715406.7
"SPEC_4";0.095;1.61854476988816;0.765074071453054;1.86186600029469;0.880090206861496;12.8375201225281;0.278630733105532;0.215204288487125;25303506.26;22908505.97
"SPEC_4";0.09;1.26154342619311;0.522332497521851;1.45119545459747;0.600856482982636;12.8458895683289;0.288313647558134;0.223719840628649;25485794.96;23089355.85
"SPEC_4";0.085;0.886356526614963;0.267234458435587;1.01960545778275;0.307408705353737;12.8510179519653;0.29878383841675;0.232987107120659;25648599.65;23255993.37
"SPEC_4";0.085;0.886356526614963;0.267234458435587;1.01960545778275;0.307408705353737;12.8510179519653;0.29878383841675;0.232987107120659;25648599.65;23255993.37
"SPEC_4";0.085;0.886356526614963;0.267234458435587;1.01960545778275;0.307408705353737;12.8510179519653;0.29878383841675;0.232987107120659;25648599.65;23255993.37
"SPEC_4";0.085;0.886356526614963;0.267234458435587;1.01960545778275;0.307408705353737;12.8510179519653;0.29878383841675;0.232987107120659;25648599.65;23255993.37
"SPEC_4";0.085;0.886356526614963;0.267234458435587;1.01960545778275;0.307408705353737;12.8510179519653;0.29878383841675;0.232987107120659;25648599.65;23255993.37
"SPEC_4";0.085;0.886356526614963;0.267234458435587;1.01960545778275;0.307408705353737;12.8510179519653;0.29878383841675;0.232987107120659;25648599.65;23255993.37
"SPEC_5";0.1;5.67942240797102;2.88466815152606;6.53322890996932;3.31832993030548;37.1396646499634;0.269592057436931;0.207316664119821;25102583.65;22714237.53
"SPEC_5";0.095;4.69221712298685;2.21373940923531;5.3976137638092;2.54653823375702;37.179741859436;0.27858455179552;0.215175012046567;25301925.31;22907288.94
"SPEC_5";0.09;3.65624464584136;1.51042036994994;4.20590009093285;1.73748689889908;37.2039823532104;0.288265063185698;0.223688809395305;25484156.89;23088089.89
"SPEC_5";0.085;2.56743541802921;0.771251313066663;2.9534065425396;0.887196093797684;37.2188367843628;0.298732575875732;0.232954071107928;25646903.91;23254675.6
"SPEC_5";0.08;1.41999224620223;0.000573888475842335;1.6334644138813;-0.0097561040893197;37.2316951751709;0.310103881124831;0.243085488929126;25787177.14;23404733.12
"SPEC_5";0.075;0.205858271127506;0.0565097244346843;0.236805631220341;-0.960665315389633;37.2511100769043;0.32251629479595;0.254220298134093;25901106.74;23535472.63
"SPEC_5";0.075;0.205858271127506;0.0565097244346843;0.236805631220341;-0.960665315389633;37.2511100769043;0.32251629479595;0.254220298134093;25901106.74;23535472.63
"SPEC_5";0.075;0.205858271127506;0.0565097244346843;0.236805631220341;-0.960665315389633;37.2511100769043;0.32251629479595;0.254220298134093;25901106.74;23535472.63
"SPEC_5";0.075;0.205858271127506;0.0565097244346843;0.236805631220341;-0.960665315389633;37.2511100769043;0.32251629479595;0.254220298134093;25901106.74;23535472.63
"SPEC_6";0.07;0.0718120688486708;0.0417895246954525;0.0826078165322542;-0.710421919822693;27.4561128616333;0.343008415058189;0.270648285893519;20798720.31;18993089.6
"SPEC_6";0.07;0.0718120688486708;0.0417895246954525;0.0826078165322542;-0.710421919822693;27.4561128616333;0.343008415058189;0.270648285893519;20798720.31;18993089.6
"SPEC_6";0.07;0.0718120688486708;0.0417895246954525;0.0826078165322542;-0.710421919822693;27.4561128616333;0.343008415058189;0.270648285893519;20798720.31;18993089.6
"SPEC_6";0.07;0.0718120688486708;0.0417895246954525;0.0826078165322542;-0.710421919822693;27.4561128616333;0.343008415058189;0.270648285893519;20798720.31;18993089.6
"SPEC_6";0.07;0.0718120688486708;0.0417895246954525;0.0826078165322542;-0.710421919822693;27.4561128616333;0.343008415058189;0.270648285893519;20798720.31;18993089.6
"SPEC_6";0.07;0.0718120688486708;0.0417895246954525;0.0826078165322542;-0.710421919822693;27.4561128616333;0.343008415058189;0.270648285893519;20798720.31;18993089.6
"SPEC_6";0.07;0.0718120688486708;0.0417895246954525;0.0826078165322542;-0.710421919822693;27.4561128616333;0.343008415058189;0.270648285893519;20798720.31;18993089.6
"SPEC_6";0.07;0.0718120688486708;0.0417895246954525;0.0826078165322542;-0.710421919822693;27.4561128616333;0.343008415058189;0.270648285893519;20798720.31;18993089.6
"SPEC_6";0.07;0.0718120688486708;0.0417895246954525;0.0826078165322542;-0.710421919822693;27.4561128616333;0.343008415058189;0.270648285893519;20798720.31;18993089.6
"SPEC_7";0.12;5.59029111790332;3.15243484178718;6.43069821596145;3.62635087966919;23.3226633071899;0.236875010546679;0.17985914787751;28527602.1;25748647.56
"SPEC_7";0.115;5.05363480038174;2.78514221211303;5.81336456537246;3.20384192466736;23.395697593689;0.243577518548507;0.18563023837388;28778669.38;25982810.13
"SPEC_7";0.11;4.49036055459592;2.40129123594892;5.16541142463684;2.76228535175324;23.4508504867553;0.250685032207857;0.191789616072027;29016721.57;26207613.08
"SPEC_7";0.105;3.89988665752084;2.00019069976719;4.48616961836814;2.30088603496552;23.4905214309692;0.258249251507691;0.198385881332611;29240148.46;26422306.58
"SPEC_7";0.1;3.28118104549188;1.58080020803398;3.77445192933082;1.81844717264175;23.5174560546875;0.266331486804224;0.205476487596901;29447232.52;26625480.48
"SPEC_7";0.095;2.63264432605609;1.14165474041342;3.02841852307319;1.31328350305557;23.5347681045532;0.275004190124592;0.213129394921556;29636099.92;26815563.78
"SPEC_7";0.09;1.95194493598159;0.680756125025941;2.24538732469082;0.783096462488174;23.5460042953491;0.284352597110639;0.221425615704119;29804646.13;26990790.94
"SPEC_7";0.085;1.23584976803562;0.195446389372955;1.42163918316364;0.224828496575356;23.5551891326904;0.294477123987825;0.230461052978015;29950455.23;27149087.22
"SPEC_7";0.08;0.479934922217356;0.0215034616344115;0.552085138857365;-0.365558847784996;23.566969871521;0.305495463311536;0.240350391824872;30069935.21;27287998.42
"SPEC_8";0.1;8.855668270771;5.16289291227082;10.1869704008102;5.93904781341553;43.4823398590088;0.258626783026592;0.200549759207731;13908289.05;12714895.81
"SPEC_8";0.095;7.87396705589305;4.49076040141377;9.05768676996231;5.16587138175964;43.6826763153076;0.266274284794462;0.207534545031725;14062917.53;12862135.3
"SPEC_8";0.09;6.82954315654233;3.77963992417015;7.85625114440919;4.34784579277039;43.8269786834717;0.274455689640987;0.215060625055179;14207004.63;13001289.15
"SPEC_8";0.085;5.72114290620444;3.02792199968567;6.58122138977051;3.48311960697175;43.9239444732666;0.283268594831516;0.223217823949035;14339222.02;13131698.85
"SPEC_8";0.08;4.54594714853668;2.23280363793098;5.22935453653336;2.56846845149994;43.9838962554932;0.292833991003101;0.232117522842637;14458188.58;13252124.13
"SPEC_8";0.075;3.29904667158742;1.38994516824785;3.7950033545494;1.59890025854111;44.018949508667;0.303299398789347;0.241896897965412;14562383.69;13361177.43
"SPEC_8";0.07;1.9727460459259;0.492987218921477;2.26931553483009;0.567099630832672;44.0432682037354;0.314844602421962;0.252725231674774;14650057.56;13457243.15
"SPEC_8";0.065;0.555565416968342;0.0316090461085825;0.639085417985916;-0.537353783845902;44.0736026763916;0.327685784484483;0.264810993001354;14717980.57;13538336.47
"SPEC_8";0.065;0.555565416968342;0.0316090461085825;0.639085417985916;-0.537353783845902;44.0736026763916;0.327685784484483;0.264810993001354;14717980.57;13538336.47
"SPEC_9";0.1;1.59339487500828;0.572738544521592;1.83293523788452;0.658840239048004;15.8231892585754;0.278365267824848;0.212636667856108;41306188.6;37212395.86
"SPEC_9";0.095;1.12893656695003;0.255143869548423;1.29865336418152;0.293500497937203;15.8271760940552;0.288155524767786;0.221014415222947;41533401.75;37441094.34
"SPEC_9";0.09;0.642499782768964;0.00526777216616799;0.739088916778565;-0.0895521268248558;15.8308877944946;0.298691328816315;0.230093766606326;41732603.74;37650274.54
"SPEC_9";0.09;0.642499782768964;0.00526777216616799;0.739088916778565;-0.0895521268248558;15.8308877944946;0.298691328816315;0.230093766606326;41732603.74;37650274.54
"SPEC_9";0.09;0.642499782768964;0.00526777216616799;0.739088916778565;-0.0895521268248558;15.8308877944946;0.298691328816315;0.230093766606326;41732603.74;37650274.54
"SPEC_9";0.09;0.642499782768964;0.00526777216616799;0.739088916778565;-0.0895521268248558;15.8308877944946;0.298691328816315;0.230093766606326;41732603.74;37650274.54
"SPEC_9";0.09;0.642499782768964;0.00526777216616799;0.739088916778565;-0.0895521268248558;15.8308877944946;0.298691328816315;0.230093766606326;41732603.74;37650274.54
"SPEC_9";0.09;0.642499782768964;0.00526777216616799;0.739088916778565;-0.0895521268248558;15.8308877944946;0.298691328816315;0.230093766606326;41732603.74;37650274.54
"SPEC_9";0.09;0.642499782768964;0.00526777216616799;0.739088916778565;-0.0895521268248558;15.8308877944946;0.298691328816315;0.230093766606326;41732603.74;37650274.54
"SPEC_10";0.1;4.39466418683858;2.33260678816657;5.05532870292664;2.68327534198761;28.0029716491699;0.276440675197758;0.21439599522299;22274627.9;20284179.18
"SPEC_10";0.095;3.66487439491894;1.83601189060371;4.21582717895508;2.1120256781578;28.0394697189331;0.285354408844251;0.222311585098762;22456232.92;20460760.92
"SPEC_10";0.09;2.89834028256177;1.31504565382377;3.33405743837356;1.51274085044861;28.0620546340943;0.294936169899426;0.230874177804133;22622296.66;20625719.28
"SPEC_10";0.085;2.09210663990711;0.767209501551117;2.40662000477314;0.882546663284302;28.0756540298462;0.305285895736199;0.240180494535085;22770771.66;20777661.12
"SPEC_10";0.08;1.2419497688692;0.189080527816017;1.42865621745586;0.217505633831025;28.0859174728394;0.316521840987662;0.250346067723598;22899302.16;20914565.23
"SPEC_10";0.075;0.341974584408961;0.0286882616141263;0.393384763598442;-0.487700447440147;28.0993938446045;0.328783421072906;0.261509497229726;23005097.33;21033967.42
"SPEC_10";0.075;0.341974584408961;0.0286882616141263;0.393384763598442;-0.487700447440147;28.0993938446045;0.328783421072906;0.261509497229726;23005097.33;21033967.42
"SPEC_10";0.075;0.341974584408961;0.0286882616141263;0.393384763598442;-0.487700447440147;28.0993938446045;0.328783421072906;0.261509497229726;23005097.33;21033967.42
"SPEC_10";0.075;0.341974584408961;0.0286882616141263;0.393384763598442;-0.487700447440147;28.0993938446045;0.328783421072906;0.261509497229726;23005097.33;21033967.42
"SPEC_11";0.1;3.28901581610849;1.59229870569323;3.78346452713014;1.83167427778244;21.7862167358399;0.258566291092717;0.196747282409343;29015505.47;26076070.64
"SPEC_11";0.095;2.70191340369095;1.19300874479609;3.10810105204582;1.37235772609711;21.8062009811401;0.267548078975326;0.204440692683337;29239875.24;26291674.43
"SPEC_11";0.09;2.08632948346084;0.774761449769075;2.39997434914112;0.891233921051026;21.818078994751;0.277233685613742;0.21279054647784;29445084.84;26494056.74
"SPEC_11";0.085;1.4398338465855;0.335473853309961;1.65628886818886;0.385906755924225;21.8255300521851;0.287721349271783;0.221892004471747;29628325.44;26680975.78
"SPEC_11";0.08;0.758977173049012;0.00863978529677672;0.87307674139738;-0.146876350045204;21.8327751159668;0.299126484466306;0.231858328869226;29786292.55;26849791.94
"SPEC_11";0.08;0.758977173049012;0.00863978529677672;0.87307674139738;-0.146876350045204;21.8327751159668;0.299126484466306;0.231858328869226;29786292.55;26849791.94
"SPEC_11";0.08;0.758977173049012;0.00863978529677672;0.87307674139738;-0.146876350045204;21.8327751159668;0.299126484466306;0.231858328869226;29786292.55;26849791.94
"SPEC_11";0.08;0.758977173049012;0.00863978529677672;0.87307674139738;-0.146876350045204;21.8327751159668;0.299126484466306;0.231858328869226;29786292.55;26849791.94
"SPEC_11";0.08;0.758977173049012;0.00863978529677672;0.87307674139738;-0.146876350045204;21.8327751159668;0.299126484466306;0.231858328869226;29786292.55;26849791.94
"SPEC_12";0.1;5.15811609828068;2.88247170913948;5.93355288505554;3.31580328941345;29.5601358413696;0.259127108120931;0.201086940643899;20752364.51;18977424.62
"SPEC_12";0.095;4.42108096885737;2.38026435462954;5.08571680784226;2.73809742927551;29.6196823120117;0.267350322454797;0.208424735210156;20927849.36;19147198.76
"SPEC_12";0.09;3.64495103029678;1.85244474090448;4.19290866851806;2.13092893362045;29.6587820053101;0.276211298750445;0.216374276459055;21090021.6;19307054.79
"SPEC_12";0.085;2.82723629726807;1.29682927572427;3.25226415395737;1.49178594350815;29.6825523376465;0.285811760633495;0.225031210795942;21237199.07;19455541.9
"SPEC_12";0.08;1.96419712064302;0.710324882182893;2.25948142111301;0.817110389471054;29.69690990448;0.296272597633942;0.234510332501578;21367446.85;19590965.56
"SPEC_12";0.075;1.05046012485521;0.0886593431761147;1.20837929695845;0.101987797766924;29.7087020874024;0.307737313155314;0.244950002442054;21478259.52;19711295.22
"SPEC_12";0.07;0.0784518093548627;0.0388418576296638;0.0902457313612104;-0.660311579704284;29.725962638855;0.320376039418982;0.256517600983342;21566124.26;19814031.14
"SPEC_12";0.07;0.0784518093548627;0.0388418576296638;0.0902457313612104;-0.660311579704284;29.725962638855;0.320376039418982;0.256517600983342;21566124.26;19814031.14
"SPEC_12";0.07;0.0784518093548627;0.0388418576296638;0.0902457313612104;-0.660311579704284;29.725962638855;0.320376039418982;0.256517600983342;21566124.26;19814031.14
"SPEC_13";0.1;3.12161054759052;1.45765585472397;3.5908926665783;1.67679011821747;22.4667921066284;0.275871982246733;0.211016586385609;28432812.84;25589630.57
"SPEC_13";0.095;2.50474596776606;1.0379416222021;2.88129277825356;1.19397884607315;22.4825973510742;0.285302168157565;0.219167139588646;28646785.42;25797248.75
"SPEC_13";0.09;1.85839621632454;0.598409069824551;2.13777511417866;0.688369899988175;22.4920358657837;0.295446141966566;0.227995789144526;28840470.77;25990844.02
"SPEC_13";0.085;1.17975957011596;0.136712352820529;1.3571167588234;0.157264776527882;22.4989500045776;0.306401530400074;0.237599020556932;29010970.95;26168097.06
"SPEC_13";0.08;0.464944906319027;0.02370285987854;0.534841623902321;-0.40294861793518;22.5077381134033;0.318282422271049;0.24809135540854;29154888.38;26326252.49
"SPEC_13";0.08;0.464944906319027;0.02370285987854;0.534841623902321;-0.40294861793518;22.5077381134033;0.318282422271049;0.24809135540854;29154888.38;26326252.49
"SPEC_13";0.08;0.464944906319027;0.02370285987854;0.534841623902321;-0.40294861793518;22.5077381134033;0.318282422271049;0.24809135540854;29154888.38;26326252.49
"SPEC_13";0.08;0.464944906319027;0.02370285987854;0.534841623902321;-0.40294861793518;22.5077381134033;0.318282422271049;0.24809135540854;29154888.38;26326252.49
"SPEC_13";0.08;0.464944906319027;0.02370285987854;0.534841623902321;-0.40294861793518;22.5077381134033;0.318282422271049;0.24809135540854;29154888.38;26326252.49
"SPEC_14";0.1;3.97336256854675;1.97910163916793;4.05282981991768;2.01868367195129;25.1738882064819;0.277718570176902;0.21419245588438;24908060.84;22553313.79
"SPEC_14";0.095;3.23961790870218;1.48019545218524;3.30441026687622;1.50979936122894;25.1969060897828;0.286875995124295;0.222237809445318;25101553.64;22741798.68
"SPEC_14";0.09;2.47006433851579;0.957367379291385;2.51946562528611;0.976514726877213;25.2106866836548;0.296728605244147;0.230949451525005;25277546.13;22917609.46
"SPEC_14";0.085;1.66153176742442;0.407954086275662;1.6947624027729;0.416113168001175;25.2196340560913;0.307375114928412;0.240424106621688;25433630.84;23078986.85
"SPEC_14";0.08;0.809554422602934;0.0123585767605725;0.825745511054992;-0.175079837441444;25.2287845611572;0.318931585273905;0.250776832266547;25567006.91;23223586.11
"SPEC_14";0.08;0.809554422602934;0.0123585767605725;0.825745511054992;-0.175079837441444;25.2287845611572;0.318931585273905;0.250776832266547;25567006.91;23223586.11
"SPEC_14";0.08;0.809554422602934;0.0123585767605725;0.825745511054992;-0.175079837441444;25.2287845611572;0.318931585273905;0.250776832266547;25567006.91;23223586.11
"SPEC_14";0.08;0.809554422602934;0.0123585767605725;0.825745511054992;-0.175079837441444;25.2287845611572;0.318931585273905;0.250776832266547;25567006.91;23223586.11
"SPEC_14";0.08;0.809554422602934;0.0123585767605725;0.825745511054992;-0.175079837441444;25.2287845611572;0.318931585273905;0.250776832266547;25567006.91;23223586.11
"SPEC_15";0.1;3.48068327832043;1.83710770921231;5.24654992818832;2.76913368701935;24.5393047332764;0.25108657153456;0.191790041121431;25564022.88;23099285.96
"SPEC_15";0.095;2.95024988451978;1.47643106693401;4.44700999259949;2.22547376155853;24.5773344039917;0.259682769603366;0.199210479306091;25777140.96;23302897.7
"SPEC_15";0.09;2.39273052150199;1.09799284684031;3.606642472744;1.65504121780396;24.601375579834;0.268947789011189;0.207259249977963;25973716.54;23494907.43
"SPEC_15";0.085;1.80619926591829;0.700099239672037;2.72254436016083;1.05528292059898;24.6156091690064;0.278980548948029;0.216030497497567;26151425.98;23673425.41
"SPEC_15";0.08;1.18782732442964;0.28039627386795;1.79045172035694;0.422650650143623;24.6248416900634;0.289898732565388;0.225637191949241;26307582.85;23836228.5
"SPEC_15";0.075;0.533605435157129;0.00971343704298431;0.804321259260179;-0.2476926445961;24.6346349716187;0.301841799971291;0.236215504632955;26438982.48;23980643.62
"SPEC_15";0.075;0.533605435157129;0.00971343704298431;0.804321259260179;-0.2476926445961;24.6346349716187;0.301841799971291;0.236215504632955;26438982.48;23980643.62
"SPEC_15";0.075;0.533605435157129;0.00971343704298431;0.804321259260179;-0.2476926445961;24.6346349716187;0.301841799971291;0.236215504632955;26438982.48;23980643.62
"SPEC_15";0.075;0.533605435157129;0.00971343704298431;0.804321259260179;-0.2476926445961;24.6346349716187;0.301841799971291;0.236215504632955;26438982.48;23980643.62
"SPEC_16";0.1;2.44544252075343;1.22181483539282;2.81307404637336;1.40549433231354;22.4117908477783;0.360049327959534;0.292024623290301;27873158.28;25857290.11
"SPEC_16";0.095;1.81541216525435;0.790844081761491;2.08832912743092;0.909734308719635;22.4237909317017;0.369714151441422;0.301289888703102;28069642.41;26056901.2
"SPEC_16";0.09;1.15503968362772;0.339048098253534;1.32868064939976;0.390018329024315;22.4323606491089;0.380042215537608;0.311243424186237;28242413.48;26237760.14
"SPEC_16";0.085;0.460886638973181;0.00921985638492248;0.530173263698816;-0.156737558543682;22.4417285919189;0.391131482694747;0.321984455086096;28388821.87;26397393.8
"SPEC_16";0.085;0.460886638973181;0.00921985638492248;0.530173263698816;-0.156737558543682;22.4417285919189;0.391131482694747;0.321984455086096;28388821.87;26397393.8
"SPEC_16";0.085;0.460886638973181;0.00921985638492248;0.530173263698816;-0.156737558543682;22.4417285919189;0.391131482694747;0.321984455086096;28388821.87;26397393.8
"SPEC_16";0.085;0.460886638973181;0.00921985638492248;0.530173263698816;-0.156737558543682;22.4417285919189;0.391131482694747;0.321984455086096;28388821.87;26397393.8
"SPEC_16";0.085;0.460886638973181;0.00921985638492248;0.530173263698816;-0.156737558543682;22.4417285919189;0.391131482694747;0.321984455086096;28388821.87;26397393.8
"SPEC_16";0.085;0.460886638973181;0.00921985638492248;0.530173263698816;-0.156737558543682;22.4417285919189;0.391131482694747;0.321984455086096;28388821.87;26397393.8
"SPEC_17";0.1;1.8876111307064;0.876927342977223;2.1713820040226;1.00875875353813;11.765172958374;0.369435503663565;0.281599659477485;28123092.98;25512684.91
"SPEC_17";0.095;1.42397554809893;0.561648868056734;1.6380465388298;0.646083414554596;11.7731013298035;0.38195371051513;0.292542612255924;28393205.85;25771854.97
"SPEC_17";0.09;0.939572808691399;0.232415865881138;1.08082192093134;0.267355717718602;11.7769346237183;0.395196807329363;0.304258965293302;28639842.81;26013786.76
"SPEC_17";0.09;0.939572808691399;0.232415865881138;1.08082192093134;0.267355717718602;11.7769346237183;0.395196807329363;0.304258965293302;28639842.81;26013786.76
"SPEC_17";0.09;0.939572808691399;0.232415865881138;1.08082192093134;0.267355717718602;11.7769346237183;0.395196807329363;0.304258965293302;28639842.81;26013786.76
"SPEC_17";0.09;0.939572808691399;0.232415865881138;1.08082192093134;0.267355717718602;11.7769346237183;0.395196807329363;0.304258965293302;28639842.81;26013786.76
"SPEC_17";0.09;0.939572808691399;0.232415865881138;1.08082192093134;0.267355717718602;11.7769346237183;0.395196807329363;0.304258965293302;28639842.81;26013786.76
"SPEC_17";0.09;0.939572808691399;0.232415865881138;1.08082192093134;0.267355717718602;11.7769346237183;0.395196807329363;0.304258965293302;28639842.81;26013786.76
"SPEC_17";0.09;0.939572808691399;0.232415865881138;1.08082192093134;0.267355717718602;11.7769346237183;0.395196807329363;0.304258965293302;28639842.81;26013786.76
"SPEC_18";0.1;3.6254244709457;1.98687856973202;4.1704466164112;2.2855726480484;44.6317043304443;0.325495185945496;0.278230083364677;26896688;25399225.57
"SPEC_18";0.095;2.74748795103661;1.3823586075384;3.16052697300911;1.59017318487167;44.6752510070801;0.332450885314281;0.285332275381749;27018777.86;25531329.19
"SPEC_18";0.09;1.82423960969124;0.746449571663109;2.09848363101482;0.858665823936463;44.7173595428467;0.34008679623423;0.293093330652308;27121233.15;25646528.92
"SPEC_18";0.085;0.850758840815981;0.0754093200236049;0.97865625321865;0.0867458544671535;44.7663707733154;0.348509416084459;0.301616956074813;27201076.3;25742317.47
"SPEC_18";0.085;0.850758840815981;0.0754093200236049;0.97865625321865;0.0867458544671535;44.7663707733154;0.348509416084459;0.301616956074813;27201076.3;25742317.47
"SPEC_18";0.085;0.850758840815981;0.0754093200236049;0.97865625321865;0.0867458544671535;44.7663707733154;0.348509416084459;0.301616956074813;27201076.3;25742317.47
"SPEC_18";0.085;0.850758840815981;0.0754093200236049;0.97865625321865;0.0867458544671535;44.7663707733154;0.348509416084459;0.301616956074813;27201076.3;25742317.47
"SPEC_18";0.085;0.850758840815981;0.0754093200236049;0.97865625321865;0.0867458544671535;44.7663707733154;0.348509416084459;0.301616956074813;27201076.3;25742317.47
"SPEC_18";0.085;0.850758840815981;0.0754093200236049;0.97865625321865;0.0867458544671535;44.7663707733154;0.348509416084459;0.301616956074813;27201076.3;25742317.47
"SPEC_19";0.1;1.2544572646982;0.62764921557278;1.44304400682449;0.722005814313888;11.5045008659363;0.360103957108449;0.292062050737942;27874623.54;25858504.81
"SPEC_19";0.095;0.931513174759482;0.406485084380596;1.07155065536499;0.467593342065812;11.510660648346;0.369770878520207;0.301329036247124;28071154.32;26058158.59
"SPEC_19";0.095;0.931513174759482;0.406485084380596;1.07155065536499;0.467593342065812;11.510660648346;0.369770878520207;0.301329036247124;28071154.32;26058158.59
"SPEC_19";0.095;0.931513174759482;0.406485084380596;1.07155065536499;0.467593342065812;11.510660648346;0.369770878520207;0.301329036247124;28071154.32;26058158.59
"SPEC_19";0.095;0.931513174759482;0.406485084380596;1.07155065536499;0.467593342065812;11.510660648346;0.369770878520207;0.301329036247124;28071154.32;26058158.59
"SPEC_19";0.095;0.931513174759482;0.406485084380596;1.07155065536499;0.467593342065812;11.510660648346;0.369770878520207;0.301329036247124;28071154.32;26058158.59
"SPEC_19";0.095;0.931513174759482;0.406485084380596;1.07155065536499;0.467593342065812;11.510660648346;0.369770878520207;0.301329036247124;28071154.32;26058158.59
"SPEC_19";0.095;0.931513174759482;0.406485084380596;1.07155065536499;0.467593342065812;11.510660648346;0.369770878520207;0.301329036247124;28071154.32;26058158.59
"SPEC_19";0.095;0.931513174759482;0.406485084380596;1.07155065536499;0.467593342065812;11.510660648346;0.369770878520207;0.301329036247124;28071154.32;26058158.59
"SPEC_20";0.1;3.63642684413675;1.81598053293551;4.18310301303864;2.08898293972015;33.3190822601318;0.360029999165419;0.292011393723656;27872639.84;25856860.75
"SPEC_20";0.095;2.69931244594537;1.17520331231037;3.10510908365249;1.35187554359436;33.3369245529175;0.369694020314543;0.301276021743805;28069105.87;26056455.81
"SPEC_20";0.09;1.71705111494205;0.503453158081804;1.97518113255501;0.579138949513435;33.3496637344361;0.380021297986504;0.31122888022041;28241851.95;26237299.49
"SPEC_20";0.085;0.684527786822638;0.0137539637439391;0.787435130774975;-0.233817383646965;33.3635921478271;0.391109654990833;0.321969121133897;28388244.35;26396916.73
"SPEC_20";0.085;0.684527786822638;0.0137539637439391;0.787435130774975;-0.233817383646965;33.3635921478271;0.391109654990833;0.321969121133897;28388244.35;26396916.73
"SPEC_20";0.085;0.684527786822638;0.0137539637439391;0.787435130774975;-0.233817383646965;33.3635921478271;0.391109654990833;0.321969121133897;28388244.35;26396916.73
"SPEC_20";0.085;0.684527786822638;0.0137539637439391;0.787435130774975;-0.233817383646965;33.3635921478271;0.391109654990833;0.321969121133897;28388244.35;26396916.73
"SPEC_20";0.085;0.684527786822638;0.0137539637439391;0.787435130774975;-0.233817383646965;33.3635921478271;0.391109654990833;0.321969121133897;28388244.35;26396916.73
"SPEC_20";0.085;0.684527786822638;0.0137539637439391;0.787435130774975;-0.233817383646965;33.3635921478271;0.391109654990833;0.321969121133897;28388244.35;26396916.73
"SPEC_21";0.07;0.0771475138033137;0.0843976069899166;-1.31150773465633;-1.43475931882858;24.9029121398926;0.441724404186501;0.368158972608891;22844940.77;21361083.48
"SPEC_21";0.07;0.0771475138033137;0.0843976069899166;-1.31150773465633;-1.43475931882858;24.9029121398926;0.441724404186501;0.368158972608891;22844940.77;21361083.48
"SPEC_21";0.07;0.0771475138033137;0.0843976069899166;-1.31150773465633;-1.43475931882858;24.9029121398926;0.441724404186501;0.368158972608891;22844940.77;21361083.48
"SPEC_21";0.07;0.0771475138033137;0.0843976069899166;-1.31150773465633;-1.43475931882858;24.9029121398926;0.441724404186501;0.368158972608891;22844940.77;21361083.48
"SPEC_21";0.07;0.0771475138033137;0.0843976069899166;-1.31150773465633;-1.43475931882858;24.9029121398926;0.441724404186501;0.368158972608891;22844940.77;21361083.48
"SPEC_21";0.07;0.0771475138033137;0.0843976069899166;-1.31150773465633;-1.43475931882858;24.9029121398926;0.441724404186501;0.368158972608891;22844940.77;21361083.48
"SPEC_21";0.07;0.0771475138033137;0.0843976069899166;-1.31150773465633;-1.43475931882858;24.9029121398926;0.441724404186501;0.368158972608891;22844940.77;21361083.48
"SPEC_21";0.07;0.0771475138033137;0.0843976069899166;-1.31150773465633;-1.43475931882858;24.9029121398926;0.441724404186501;0.368158972608891;22844940.77;21361083.48
"SPEC_21";0.07;0.0771475138033137;0.0843976069899166;-1.31150773465633;-1.43475931882858;24.9029121398926;0.441724404186501;0.368158972608891;22844940.77;21361083.48
"SPEC_22";0.12;4.12690125835423;2.38131050164028;4.74731208086015;2.73930084705353;20.8598823547363;0.322352172547475;0.257763998540533;31786432.38;29411006.52
"SPEC_22";0.115;3.61519344852684;2.03043481502904;4.15867753028871;2.3356768488884;20.8991136550903;0.329661534396002;0.264700728697228;32047856.94;29666200.18
"SPEC_22";0.11;3.08094536764178;1.66481332618649;3.54411415457726;1.91509026288986;20.9269676208496;0.337347446276162;0.272040086504602;32290595.32;29906787.38
"SPEC_22";0.105;2.52306504340767;1.28347843980416;2.90236582159996;1.47642803192139;20.9458513259888;0.345464790000962;0.27983482518642;32512816.07;30130950.34
"SPEC_22";0.1;1.93996344380225;0.885096745917984;2.23160461485386;1.01815629005432;20.9584646224975;0.354078302692444;0.28814710142618;32712566.7;30337312.24
"SPEC_22";0.095;1.32944483371515;0.467900883042616;1.52930470705032;0.538241982460022;20.9678354263306;0.363263763343374;0.297050479081446;32887782.94;30523629.78
"SPEC_22";0.09;0.688562136962773;0.0295837106729929;0.792075978219509;0.0340311285108328;20.9773912429809;0.373109056490811;0.306631025341169;33036100.66;30687650.92
"SPEC_22";0.09;0.688562136962773;0.0295837106729929;0.792075978219509;0.0340311285108328;20.9773912429809;0.373109056490811;0.306631025341169;33036100.66;30687650.92
"SPEC_22";0.09;0.688562136962773;0.0295837106729929;0.792075978219509;0.0340311285108328;20.9773912429809;0.373109056490811;0.306631025341169;33036100.66;30687650.92
"SPEC_23";0.1;6.87591408135683;4.14255915155137;7.90959316492081;4.76532387733459;39.4487800598145;0.341506751356758;0.279321336043317;15236653.84;14275612.51
"SPEC_23";0.095;5.93538610391499;3.49625305174676;6.82767248153687;4.02185642719269;39.5697689056396;0.349116095478317;0.287063807490461;15395429.25;14431898.08
"SPEC_23";0.09;4.9415858957395;2.81516626861537;5.68447097539901;3.23837959766388;39.6518440246582;0.357202485265984;0.295329336038393;15540419.38;14576659.57
"SPEC_23";0.085;3.89195108061353;2.09700059490043;4.47704105973243;2.4122496843338;39.7037582397461;0.365876147798147;0.304218193518188;15670232.93;14708533.26
"SPEC_23";0.08;2.78220218667014;1.33821887232124;3.20045991539955;1.53939777612686;39.7356395721435;0.375271098273722;0.313854617722652;15782685.11;14826115.27
"SPEC_23";0.075;1.60587372226461;0.53371868593663;1.84729007184505;0.61395439505577;39.7591991424561;0.385547737159311;0.324389563711483;15876618.67;14927870.6
"SPEC_23";0.07;0.353637337900527;0.0218991847599254;0.40680081769824;-0.372286140918732;39.7880859375;0.396895336783987;0.33600530868056;15949392.57;15011980.05
"SPEC_23";0.07;0.353637337900527;0.0218991847599254;0.40680081769824;-0.372286140918732;39.7880859375;0.396895336783987;0.33600530868056;15949392.57;15011980.05
"SPEC_23";0.07;0.353637337900527;0.0218991847599254;0.40680081769824;-0.372286140918732;39.7880859375;0.396895336783987;0.33600530868056;15949392.57;15011980.05
"SPEC_24";0.1;0.588773772167973;0.0370176548423784;0.677286095917225;0.0425826422870159;14.1390838623047;0.375259565991797;0.302232819589946;46217198.81;42626328.18
"SPEC_24";0.1;0.588773772167973;0.0370176548423784;0.677286095917225;0.0425826422870159;14.1390838623047;0.375259565991797;0.302232819589946;46217198.81;42626328.18
"SPEC_24";0.1;0.588773772167973;0.0370176548423784;0.677286095917225;0.0425826422870159;14.1390838623047;0.375259565991797;0.302232819589946;46217198.81;42626328.18
"SPEC_24";0.1;0.588773772167973;0.0370176548423784;0.677286095917225;0.0425826422870159;14.1390838623047;0.375259565991797;0.302232819589946;46217198.81;42626328.18
"SPEC_24";0.1;0.588773772167973;0.0370176548423784;0.677286095917225;0.0425826422870159;14.1390838623047;0.375259565991797;0.302232819589946;46217198.81;42626328.18
"SPEC_24";0.1;0.588773772167973;0.0370176548423784;0.677286095917225;0.0425826422870159;14.1390838623047;0.375259565991797;0.302232819589946;46217198.81;42626328.18
"SPEC_24";0.1;0.588773772167973;0.0370176548423784;0.677286095917225;0.0425826422870159;14.1390838623047;0.375259565991797;0.302232819589946;46217198.81;42626328.18
"SPEC_24";0.1;0.588773772167973;0.0370176548423784;0.677286095917225;0.0425826422870159;14.1390838623047;0.375259565991797;0.302232819589946;46217198.81;42626328.18
"SPEC_24";0.1;0.588773772167973;0.0370176548423784;0.677286095917225;0.0425826422870159;14.1390838623047;0.375259565991797;0.302232819589946;46217198.81;42626328.18
"SPEC_25";0.1;2.99759093867423;1.61092913831292;3.44822877645492;1.8531054854393;25.3522109985351;0.364768770084377;0.298524388303257;24514695.88;22891625.59
"SPEC_25";0.095;2.30367455369181;1.1352582172669;2.64999362826347;1.30592536926269;25.3700656890869;0.374150850353242;0.307657529807737;24694746.21;23073470.81
"SPEC_25";0.09;1.5758200016135;0.636351744149671;1.8127182751894;0.732016623020172;25.3816719055175;0.384167621243445;0.317455723215541;24854309.86;23238456.2
"SPEC_25";0.085;0.810333085523001;0.111340016981582;0.932153159379959;0.128078132867813;25.3918428421021;0.394920099845307;0.328019393685069;24990727.89;23384465.88
"SPEC_25";0.085;0.810333085523001;0.111340016981582;0.932153159379959;0.128078132867813;25.3918428421021;0.394920099845307;0.328019393685069;24990727.89;23384465.88
"SPEC_25";0.085;0.810333085523001;0.111340016981582;0.932153159379959;0.128078132867813;25.3918428421021;0.394920099845307;0.328019393685069;24990727.89;23384465.88
"SPEC_25";0.085;0.810333085523001;0.111340016981582;0.932153159379959;0.128078132867813;25.3918428421021;0.394920099845307;0.328019393685069;24990727.89;23384465.88
"SPEC_25";0.085;0.810333085523001;0.111340016981582;0.932153159379959;0.128078132867813;25.3918428421021;0.394920099845307;0.328019393685069;24990727.89;23384465.88
"SPEC_25";0.085;0.810333085523001;0.111340016981582;0.932153159379959;0.128078132867813;25.3918428421021;0.394920099845307;0.328019393685069;24990727.89;23384465.88
"SPEC_26";0.1;1.95823169659615;0.8825378568578;2.25261919498444;1.01521271467209;19.3352355957031;0.350691737691716;0.281145980019066;32561458.52;29966414.73
"SPEC_26";0.095;1.40117335167528;0.502210398647482;1.61181641221046;0.57770936191082;19.3433504104614;0.360611824930528;0.290464954018802;32781408.45;30191217.25
"SPEC_26";0.09;0.817693405930666;0.103706042210768;0.940619981288909;0.11929651722312;19.3500699996948;0.371223994379217;0.300492583905266;32974209.08;30394763.18
"SPEC_26";0.09;0.817693405930666;0.103706042210768;0.940619981288909;0.11929651722312;19.3500699996948;0.371223994379217;0.300492583905266;32974209.08;30394763.18
"SPEC_26";0.09;0.817693405930666;0.103706042210768;0.940619981288909;0.11929651722312;19.3500699996948;0.371223994379217;0.300492583905266;32974209.08;30394763.18
"SPEC_26";0.09;0.817693405930666;0.103706042210768;0.940619981288909;0.11929651722312;19.3500699996948;0.371223994379217;0.300492583905266;32974209.08;30394763.18
"SPEC_26";0.09;0.817693405930666;0.103706042210768;0.940619981288909;0.11929651722312;19.3500699996948;0.371223994379217;0.300492583905266;32974209.08;30394763.18
"SPEC_26";0.09;0.817693405930666;0.103706042210768;0.940619981288909;0.11929651722312;19.3500699996948;0.371223994379217;0.300492583905266;32974209.08;30394763.18
"SPEC_26";0.09;0.817693405930666;0.103706042210768;0.940619981288909;0.11929651722312;19.3500699996948;0.371223994379217;0.300492583905266;32974209.08;30394763.18
"SPEC_27";0.1;3.78023515539355;2.17504544176595;4.34853050708771;2.5020272731781;26.864408493042;0.341703983436009;0.279774147689871;22716707.45;21296739.7
"SPEC_27";0.095;3.07818364834517;1.6930716274718;3.54093725681306;1.94759672880173;26.8967237472535;0.350295338576737;0.288184504548847;22892975.16;21472966.96
"SPEC_27";0.09;2.34059592635001;1.1869939953581;2.69246551394463;1.36543875932693;26.9168920516968;0.359508834935862;0.297233092812939;23051881.68;21634805.31
"SPEC_27";0.085;1.56422452679996;0.654249277988125;1.79937961399555;0.752604752779007;26.9299306869507;0.369451713392527;0.307023169297516;23191605.57;21780520.54
"SPEC_27";0.08;0.744524861946896;0.0913519637890741;0.856451766192913;0.105085209012032;26.9415893554688;0.380248775547069;0.317676977476306;23309904.07;21908127.5
"SPEC_27";0.08;0.744524861946896;0.0913519637890741;0.856451766192913;0.105085209012032;26.9415893554688;0.380248775547069;0.317676977476306;23309904.07;21908127.5
"SPEC_27";0.08;0.744524861946896;0.0913519637890741;0.856451766192913;0.105085209012032;26.9415893554688;0.380248775547069;0.317676977476306;23309904.07;21908127.5
"SPEC_27";0.08;0.744524861946896;0.0913519637890741;0.856451766192913;0.105085209012032;26.9415893554688;0.380248775547069;0.317676977476306;23309904.07;21908127.5
"SPEC_27";0.08;0.744524861946896;0.0913519637890741;0.856451766192913;0.105085209012032;26.9415893554688;0.380248775547069;0.317676977476306;23309904.07;21908127.5
"SPEC_28";0.1;1.7624839661053;0.734993536484066;2.02744405567646;0.84548756480217;20.0158729553223;0.37126680989154;0.299390648187758;31837912.78;29348603.35
"SPEC_28";0.095;1.17667729925052;0.334666729387909;1.35357111990452;0.384978294372558;20.023024559021;0.381553481357679;0.309143887919679;32044421.71;29562104.28
"SPEC_28";0.09;0.563171535289933;0.00574067278819925;0.64783498942852;-0.0975914373993873;20.0303688049316;0.392521874309039;0.319610824721065;32222724.8;29753210.32
"SPEC_28";0.09;0.563171535289933;0.00574067278819925;0.64783498942852;-0.0975914373993873;20.0303688049316;0.392521874309039;0.319610824721065;32222724.8;29753210.32
"SPEC_28";0.09;0.563171535289933;0.00574067278819925;0.64783498942852;-0.0975914373993873;20.0303688049316;0.392521874309039;0.319610824721065;32222724.8;29753210.32
"SPEC_28";0.09;0.563171535289933;0.00574067278819925;0.64783498942852;-0.0975914373993873;20.0303688049316;0.392521874309039;0.319610824721065;32222724.8;29753210.32
"SPEC_28";0.09;0.563171535289933;0.00574067278819925;0.64783498942852;-0.0975914373993873;20.0303688049316;0.392521874309039;0.319610824721065;32222724.8;29753210.32
"SPEC_28";0.09;0.563171535289933;0.00574067278819925;0.64783498942852;-0.0975914373993873;20.0303688049316;0.392521874309039;0.319610824721065;32222724.8;29753210.32
"SPEC_28";0.09;0.563171535289933;0.00574067278819925;0.64783498942852;-0.0975914373993873;20.0303688049316;0.392521874309039;0.319610824721065;32222724.8;29753210.32
"SPEC_29";0.1;2.47227628441418;1.19422650804707;2.52172181010246;1.21811103820801;22.6032257080078;0.369314073558306;0.300497001704021;27632605.41;25650712.96
"SPEC_29";0.095;1.77565900718464;0.71756594321307;1.81117218732834;0.731917262077331;22.6136150360107;0.379084097514435;0.309914016938828;27821646.3;25843994.14
"SPEC_29";0.09;1.0456615423455;0.217912397256085;1.06657477319241;0.222270645201206;22.6218461990356;0.389519551963379;0.32002506531377;27986867.55;26018147.43
"SPEC_29";0.085;0.278356623123674;0.0221600890159607;0.283923755586147;-0.313934594392776;22.6322135925293;0.400717139017946;0.330928697502387;28125134.7;26170667.63
"SPEC_29";0.085;0.278356623123674;0.0221600890159607;0.283923755586147;-0.313934594392776;22.6322135925293;0.400717139017946;0.330928697502387;28125134.7;26170667.63
"SPEC_29";0.085;0.278356623123674;0.0221600890159607;0.283923755586147;-0.313934594392776;22.6322135925293;0.400717139017946;0.330928697502387;28125134.7;26170667.63
"SPEC_29";0.085;0.278356623123674;0.0221600890159607;0.283923755586147;-0.313934594392776;22.6322135925293;0.400717139017946;0.330928697502387;28125134.7;26170667.63
"SPEC_29";0.085;0.278356623123674;0.0221600890159607;0.283923755586147;-0.313934594392776;22.6322135925293;0.400717139017946;0.330928697502387;28125134.7;26170667.63
"SPEC_29";0.085;0.278356623123674;0.0221600890159607;0.283923755586147;-0.313934594392776;22.6322135925293;0.400717139017946;0.330928697502387;28125134.7;26170667.63
"SPEC_30";0.1;2.35193250902666;1.24521084930559;3.54514626860619;1.87694782018662;21.9751777648926;0.33863941349034;0.272630705672426;28439088.71;26345402.83
"SPEC_30";0.095;1.84841703414284;0.90096456611225;2.78618060946465;1.3580539226532;21.9925661087036;0.348035439479306;0.281525353329109;28652705.33;26559744.46
"SPEC_30";0.09;1.32024919944546;0.539951491071186;1.99005562663078;0.813886880874634;22.003514289856;0.358086140244417;0.29109190595598;28843686.94;26755832.99
"SPEC_30";0.085;0.764903591262825;0.160171049377234;1.15296467989683;0.241431161761284;22.0121145248413;0.368891978194872;0.301430300513939;29008672.51;26931241.45
"SPEC_30";0.085;0.764903591262825;0.160171049377234;1.15296467989683;0.241431161761284;22.0121145248413;0.368891978194872;0.301430300513939;29008672.51;26931241.45
"SPEC_30";0.085;0.764903591262825;0.160171049377234;1.15296467989683;0.241431161761284;22.0121145248413;0.368891978194872;0.301430300513939;29008672.51;26931241.45
"SPEC_30";0.085;0.764903591262825;0.160171049377234;1.15296467989683;0.241431161761284;22.0121145248413;0.368891978194872;0.301430300513939;29008672.51;26931241.45
"SPEC_30";0.085;0.764903591262825;0.160171049377234;1.15296467989683;0.241431161761284;22.0121145248413;0.368891978194872;0.301430300513939;29008672.51;26931241.45
"SPEC_30";0.085;0.764903591262825;0.160171049377234;1.15296467989683;0.241431161761284;22.0121145248413;0.368891978194872;0.301430300513939;29008672.51;26931241.45
"SPEC_31";0.1;1.17328576991883;0.578121978695653;1.3496697306633;0.665032982826233;20.1131982803344;0.493240695983746;0.432517700742129;30929216.93;29657520.23
"SPEC_31";0.095;0.581086795076498;0.167283382546346;0.668443509936332;0.192431651055813;20.1209783554078;0.501990229753501;0.441942730609405;31112428.96;29846777.42
"SPEC_31";0.095;0.581086795076498;0.167283382546346;0.668443509936332;0.192431651055813;20.1209783554078;0.501990229753501;0.441942730609405;31112428.96;29846777.42
"SPEC_31";0.095;0.581086795076498;0.167283382546346;0.668443509936332;0.192431651055813;20.1209783554078;0.501990229753501;0.441942730609405;31112428.96;29846777.42
"SPEC_31";0.095;0.581086795076498;0.167283382546346;0.668443509936332;0.192431651055813;20.1209783554078;0.501990229753501;0.441942730609405;31112428.96;29846777.42
"SPEC_31";0.095;0.581086795076498;0.167283382546346;0.668443509936332;0.192431651055813;20.1209783554078;0.501990229753501;0.441942730609405;31112428.96;29846777.42
"SPEC_31";0.095;0.581086795076498;0.167283382546346;0.668443509936332;0.192431651055813;20.1209783554078;0.501990229753501;0.441942730609405;31112428.96;29846777.42
"SPEC_31";0.095;0.581086795076498;0.167283382546346;0.668443509936332;0.192431651055813;20.1209783554078;0.501990229753501;0.441942730609405;31112428.96;29846777.42
"SPEC_31";0.095;0.581086795076498;0.167283382546346;0.668443509936332;0.192431651055813;20.1209783554078;0.501990229753501;0.441942730609405;31112428.96;29846777.42
"SPEC_32";0.1;0.739262361641865;0.29891833416865;0.850398136675359;0.34385572373867;10.2868428230286;0.568946270797133;0.473603489553582;32291684.14;30537253.66
"SPEC_32";0.1;0.739262361641865;0.29891833416865;0.850398136675359;0.34385572373867;10.2868428230286;0.568946270797133;0.473603489553582;32291684.14;30537253.66
"SPEC_32";0.1;0.739262361641865;0.29891833416865;0.850398136675359;0.34385572373867;10.2868428230286;0.568946270797133;0.473603489553582;32291684.14;30537253.66
"SPEC_32";0.1;0.739262361641865;0.29891833416865;0.850398136675359;0.34385572373867;10.2868428230286;0.568946270797133;0.473603489553582;32291684.14;30537253.66
"SPEC_32";0.1;0.739262361641865;0.29891833416865;0.850398136675359;0.34385572373867;10.2868428230286;0.568946270797133;0.473603489553582;32291684.14;30537253.66
"SPEC_32";0.1;0.739262361641865;0.29891833416865;0.850398136675359;0.34385572373867;10.2868428230286;0.568946270797133;0.473603489553582;32291684.14;30537253.66
"SPEC_32";0.1;0.739262361641865;0.29891833416865;0.850398136675359;0.34385572373867;10.2868428230286;0.568946270797133;0.473603489553582;32291684.14;30537253.66
"SPEC_32";0.1;0.739262361641865;0.29891833416865;0.850398136675359;0.34385572373867;10.2868428230286;0.568946270797133;0.473603489553582;32291684.14;30537253.66
"SPEC_32";0.1;0.739262361641865;0.29891833416865;0.850398136675359;0.34385572373867;10.2868428230286;0.568946270797133;0.473603489553582;32291684.14;30537253.66
"SPEC_33";0.1;2.17194395526807;1.24014759022269;2.4984595298767;1.42658311128616;40.9284076690674;0.409131041282813;0.37213167209198;29116780.35;28194100.92
"SPEC_33";0.095;1.33588713291796;0.657487566731558;1.53671549856663;0.756329864263535;40.9684410095215;0.415080593590476;0.37863194504114;29221827.83;28306239.9
"SPEC_33";0.09;0.456073064755371;0.0441637029426058;0.524636048823594;0.0508029796183109;41.0160694122315;0.421743953380539;0.385831365341689;29302011.26;28395769.59
"SPEC_33";0.09;0.456073064755371;0.0441637029426058;0.524636048823594;0.0508029796183109;41.0160694122315;0.421743953380539;0.385831365341689;29302011.26;28395769.59
"SPEC_33";0.09;0.456073064755371;0.0441637029426058;0.524636048823594;0.0508029796183109;41.0160694122315;0.421743953380539;0.385831365341689;29302011.26;28395769.59
"SPEC_33";0.09;0.456073064755371;0.0441637029426058;0.524636048823594;0.0508029796183109;41.0160694122315;0.421743953380539;0.385831365341689;29302011.26;28395769.59
"SPEC_33";0.09;0.456073064755371;0.0441637029426058;0.524636048823594;0.0508029796183109;41.0160694122315;0.421743953380539;0.385831365341689;29302011.26;28395769.59
"SPEC_33";0.09;0.456073064755371;0.0441637029426058;0.524636048823594;0.0508029796183109;41.0160694122315;0.421743953380539;0.385831365341689;29302011.26;28395769.59
"SPEC_33";0.09;0.456073064755371;0.0441637029426058;0.524636048823594;0.0508029796183109;41.0160694122315;0.421743953380539;0.385831365341689;29302011.26;28395769.59
"SPEC_34";0.1;0.602194326609952;0.297226078680929;0.692724207043648;0.341909065842629;10.3245782852173;0.493338389105954;0.43259418838656;30931130.42;29659249.81
"SPEC_34";0.1;0.602194326609952;0.297226078680929;0.692724207043648;0.341909065842629;10.3245782852173;0.493338389105954;0.43259418838656;30931130.42;29659249.81
"SPEC_34";0.1;0.602194326609952;0.297226078680929;0.692724207043648;0.341909065842629;10.3245782852173;0.493338389105954;0.43259418838656;30931130.42;29659249.81
"SPEC_34";0.1;0.602194326609952;0.297226078680929;0.692724207043648;0.341909065842629;10.3245782852173;0.493338389105954;0.43259418838656;30931130.42;29659249.81
"SPEC_34";0.1;0.602194326609952;0.297226078680929;0.692724207043648;0.341909065842629;10.3245782852173;0.493338389105954;0.43259418838656;30931130.42;29659249.81
"SPEC_34";0.1;0.602194326609952;0.297226078680929;0.692724207043648;0.341909065842629;10.3245782852173;0.493338389105954;0.43259418838656;30931130.42;29659249.81
"SPEC_34";0.1;0.602194326609952;0.297226078680929;0.692724207043648;0.341909065842629;10.3245782852173;0.493338389105954;0.43259418838656;30931130.42;29659249.81
"SPEC_34";0.1;0.602194326609952;0.297226078680929;0.692724207043648;0.341909065842629;10.3245782852173;0.493338389105954;0.43259418838656;30931130.42;29659249.81
"SPEC_34";0.1;0.602194326609952;0.297226078680929;0.692724207043648;0.341909065842629;10.3245782852173;0.493338389105954;0.43259418838656;30931130.42;29659249.81
"SPEC_35";0.1;1.74437660699097;0.859017373513084;2.00661455690861;0.988156318664551;29.901819229126;0.493206131976536;0.432490702336393;30928539.93;29656909.73
"SPEC_35";0.095;0.863526501592709;0.248170689598992;0.993343318998813;0.28547901660204;29.9133853912353;0.501954873901216;0.441914776907428;31111735.62;29846146.83
"SPEC_35";0.095;0.863526501592709;0.248170689598992;0.993343318998813;0.28547901660204;29.9133853912353;0.501954873901216;0.441914776907428;31111735.62;29846146.83
"SPEC_35";0.095;0.863526501592709;0.248170689598992;0.993343318998813;0.28547901660204;29.9133853912353;0.501954873901216;0.441914776907428;31111735.62;29846146.83
"SPEC_35";0.095;0.863526501592709;0.248170689598992;0.993343318998813;0.28547901660204;29.9133853912353;0.501954873901216;0.441914776907428;31111735.62;29846146.83
"SPEC_35";0.095;0.863526501592709;0.248170689598992;0.993343318998813;0.28547901660204;29.9133853912353;0.501954873901216;0.441914776907428;31111735.62;29846146.83
"SPEC_35";0.095;0.863526501592709;0.248170689598992;0.993343318998813;0.28547901660204;29.9133853912353;0.501954873901216;0.441914776907428;31111735.62;29846146.83
"SPEC_35";0.095;0.863526501592709;0.248170689598992;0.993343318998813;0.28547901660204;29.9133853912353;0.501954873901216;0.441914776907428;31111735.62;29846146.83
"SPEC_35";0.095;0.863526501592709;0.248170689598992;0.993343318998813;0.28547901660204;29.9133853912353;0.501954873901216;0.441914776907428;31111735.62;29846146.83
"SPEC_36";0.07;0.15279876992983;0.12244546062806;-2.59757908880711;-2.08157283067703;22.626145362854;0.574852867708884;0.515848739377471;25045265.89;24136793.54
"SPEC_36";0.07;0.15279876992983;0.12244546062806;-2.59757908880711;-2.08157283067703;22.626145362854;0.574852867708884;0.515848739377471;25045265.89;24136793.54
"SPEC_36";0.07;0.15279876992983;0.12244546062806;-2.59757908880711;-2.08157283067703;22.626145362854;0.574852867708884;0.515848739377471;25045265.89;24136793.54
"SPEC_36";0.07;0.15279876992983;0.12244546062806;-2.59757908880711;-2.08157283067703;22.626145362854;0.574852867708884;0.515848739377471;25045265.89;24136793.54
"SPEC_36";0.07;0.15279876992983;0.12244546062806;-2.59757908880711;-2.08157283067703;22.626145362854;0.574852867708884;0.515848739377471;25045265.89;24136793.54
"SPEC_36";0.07;0.15279876992983;0.12244546062806;-2.59757908880711;-2.08157283067703;22.626145362854;0.574852867708884;0.515848739377471;25045265.89;24136793.54
"SPEC_36";0.07;0.15279876992983;0.12244546062806;-2.59757908880711;-2.08157283067703;22.626145362854;0.574852867708884;0.515848739377471;25045265.89;24136793.54
"SPEC_36";0.07;0.15279876992983;0.12244546062806;-2.59757908880711;-2.08157283067703;22.626145362854;0.574852867708884;0.515848739377471;25045265.89;24136793.54
"SPEC_36";0.07;0.15279876992983;0.12244546062806;-2.59757908880711;-2.08157283067703;22.626145362854;0.574852867708884;0.515848739377471;25045265.89;24136793.54
"SPEC_37";0.12;2.76312326321011;1.68798929088463;3.17851279377937;1.94175034761429;18.6466975212097;0.454256531224671;0.393214484217917;35424758.16;33905584.98
"SPEC_37";0.115;2.28288660219392;1.35438720650066;2.62608055472373;1.55799674987793;18.6657247543335;0.460837743375124;0.40036027062785;35688015.79;34168609.87
"SPEC_37";0.11;1.78300118625976;1.0073151891731;2.05104569792747;1.15874823927879;18.6787762641907;0.467701312392485;0.407834771572765;35926499.47;34409346.68
"SPEC_37";0.105;1.26189289836392;0.645568252680649;1.45159746408462;0.742618680000306;18.6881880760193;0.474907980975888;0.415695760152794;36138117.23;34625881.67
"SPEC_37";0.1;0.717471527452229;0.267576898000994;0.825331413745881;0.307802625000477;18.6965579986572;0.482527820707868;0.424010705267857;36319374.85;34816246.92
"SPEC_37";0.1;0.717471527452229;0.267576898000994;0.825331413745881;0.307802625000477;18.6965579986572;0.482527820707868;0.424010705267857;36319374.85;34816246.92
"SPEC_37";0.1;0.717471527452229;0.267576898000994;0.825331413745881;0.307802625000477;18.6965579986572;0.482527820707868;0.424010705267857;36319374.85;34816246.92
"SPEC_37";0.1;0.717471527452229;0.267576898000994;0.825331413745881;0.307802625000477;18.6965579986572;0.482527820707868;0.424010705267857;36319374.85;34816246.92
"SPEC_37";0.1;0.717471527452229;0.267576898000994;0.825331413745881;0.307802625000477;18.6965579986572;0.482527820707868;0.424010705267857;36319374.85;34816246.92
"SPEC_38";0.1;5.0794365785323;3.23794002776145;5.84304521083832;3.72471034526825;35.8959226608276;0.461453378136873;0.406969091872825;16645986.32;16065093.15
"SPEC_38";0.095;4.18730875575968;2.61723421788223;4.81680083870888;3.01069176197052;35.9649419784546;0.467279982952662;0.413824470516295;16807275.56;16225271.97
"SPEC_38";0.09;3.24874630667997;1.96485937729811;3.73714116811753;2.26024323701859;36.0091457366943;0.473495179383883;0.421105131947049;16951170.26;16369515.49
"SPEC_38";0.085;2.26000194202744;1.27796266984677;2.59975556731224;1.4700830578804;36.0370960235596;0.480229025473391;0.428932643857415;17076223.04;16496439.78
"SPEC_38";0.08;1.21555807572522;0.552435002096215;1.39829697310925;0.635484397411346;36.0585861206055;0.487633476782476;0.43745130442295;17179516.79;16603492.91
"SPEC_38";0.075;0.10767397768979;0.0147115987013368;0.123860965669155;-0.250097177922725;36.0848751068116;0.495882676657486;0.44683041953396;17259898.52;16689763.09
"SPEC_38";0.075;0.10767397768979;0.0147115987013368;0.123860965669155;-0.250097177922725;36.0848751068116;0.495882676657486;0.44683041953396;17259898.52;16689763.09
"SPEC_38";0.075;0.10767397768979;0.0147115987013368;0.123860965669155;-0.250097177922725;36.0848751068116;0.495882676657486;0.44683041953396;17259898.52;16689763.09
"SPEC_38";0.075;0.10767397768979;0.0147115987013368;0.123860965669155;-0.250097177922725;36.0848751068116;0.495882676657486;0.44683041953396;17259898.52;16689763.09
"SPEC_39";0.1;0.0247883275151253;0.0304593882139991;-0.42140156775713;-0.517809599637985;12.6031632423401;0.520225906719448;0.453906257295405;51819188.08;49467946.02
"SPEC_39";0.1;0.0247883275151253;0.0304593882139991;-0.42140156775713;-0.517809599637985;12.6031632423401;0.520225906719448;0.453906257295405;51819188.08;49467946.02
"SPEC_39";0.1;0.0247883275151253;0.0304593882139991;-0.42140156775713;-0.517809599637985;12.6031632423401;0.520225906719448;0.453906257295405;51819188.08;49467946.02
"SPEC_39";0.1;0.0247883275151253;0.0304593882139991;-0.42140156775713;-0.517809599637985;12.6031632423401;0.520225906719448;0.453906257295405;51819188.08;49467946.02
"SPEC_39";0.1;0.0247883275151253;0.0304593882139991;-0.42140156775713;-0.517809599637985;12.6031632423401;0.520225906719448;0.453906257295405;51819188.08;49467946.02
"SPEC_39";0.1;0.0247883275151253;0.0304593882139991;-0.42140156775713;-0.517809599637985;12.6031632423401;0.520225906719448;0.453906257295405;51819188.08;49467946.02
"SPEC_39";0.1;0.0247883275151253;0.0304593882139991;-0.42140156775713;-0.517809599637985;12.6031632423401;0.520225906719448;0.453906257295405;51819188.08;49467946.02
"SPEC_39";0.1;0.0247883275151253;0.0304593882139991;-0.42140156775713;-0.517809599637985;12.6031632423401;0.520225906719448;0.453906257295405;51819188.08;49467946.02
"SPEC_39";0.1;0.0247883275151253;0.0304593882139991;-0.42140156775713;-0.517809599637985;12.6031632423401;0.520225906719448;0.453906257295405;51819188.08;49467946.02
"SPEC_40";0.1;1.72658854033836;0.971027385735989;1.98615235090256;1.11700516939163;23.013973236084;0.491779270361822;0.43424229973477;26914621.63;25923309.18
"SPEC_40";0.095;1.07111557864756;0.515429352166445;1.23213995397091;0.592915564775467;23.0237894058227;0.500099741715147;0.443272505148565;27087300.59;26099533.35
"SPEC_40";0.09;0.383445954312452;0.0373342046657185;0.441090662777424;0.0429467801004648;23.0335731506347;0.508955183652831;0.45288602732984;27234329.49;26251708.8
"SPEC_40";0.09;0.383445954312452;0.0373342046657185;0.441090662777424;0.0429467801004648;23.0335731506347;0.508955183652831;0.45288602732984;27234329.49;26251708.8
"SPEC_40";0.09;0.383445954312452;0.0373342046657185;0.441090662777424;0.0429467801004648;23.0335731506347;0.508955183652831;0.45288602732984;27234329.49;26251708.8
"SPEC_40";0.09;0.383445954312452;0.0373342046657185;0.441090662777424;0.0429467801004648;23.0335731506347;0.508955183652831;0.45288602732984;27234329.49;26251708.8
"SPEC_40";0.09;0.383445954312452;0.0373342046657185;0.441090662777424;0.0429467801004648;23.0335731506347;0.508955183652831;0.45288602732984;27234329.49;26251708.8
"SPEC_40";0.09;0.383445954312452;0.0373342046657185;0.441090662777424;0.0429467801004648;23.0335731506347;0.508955183652831;0.45288602732984;27234329.49;26251708.8
"SPEC_40";0.09;0.383445954312452;0.0373342046657185;0.441090662777424;0.0429467801004648;23.0335731506347;0.508955183652831;0.45288602732984;27234329.49;26251708.8
"SPEC_41";0.1;0.69237715375489;0.236368212137523;0.796464519202709;0.271902233362197;17.0981554985046;0.490971488954733;0.426410049001333;36637849.8;34922589.98
"SPEC_41";0.1;0.69237715375489;0.236368212137523;0.796464519202709;0.271902233362197;17.0981554985046;0.490971488954733;0.426410049001333;36637849.8;34922589.98
"SPEC_41";0.1;0.69237715375489;0.236368212137523;0.796464519202709;0.271902233362197;17.0981554985046;0.490971488954733;0.426410049001333;36637849.8;34922589.98
"SPEC_41";0.1;0.69237715375489;0.236368212137523;0.796464519202709;0.271902233362197;17.0981554985046;0.490971488954733;0.426410049001333;36637849.8;34922589.98
"SPEC_41";0.1;0.69237715375489;0.236368212137523;0.796464519202709;0.271902233362197;17.0981554985046;0.490971488954733;0.426410049001333;36637849.8;34922589.98
"SPEC_41";0.1;0.69237715375489;0.236368212137523;0.796464519202709;0.271902233362197;17.0981554985046;0.490971488954733;0.426410049001333;36637849.8;34922589.98
"SPEC_41";0.1;0.69237715375489;0.236368212137523;0.796464519202709;0.271902233362197;17.0981554985046;0.490971488954733;0.426410049001333;36637849.8;34922589.98
"SPEC_41";0.1;0.69237715375489;0.236368212137523;0.796464519202709;0.271902233362197;17.0981554985046;0.490971488954733;0.426410049001333;36637849.8;34922589.98
"SPEC_41";0.1;0.69237715375489;0.236368212137523;0.796464519202709;0.271902233362197;17.0981554985046;0.490971488954733;0.426410049001333;36637849.8;34922589.98
"SPEC_42";0.1;2.53718081538969;1.55033971288521;2.91860366463661;1.78340744972229;24.5027713775635;0.46072509132724;0.40672349320405;24788395.08;23936106.32
"SPEC_42";0.095;1.87208499555414;1.08749914500928;2.15352177321911;1.25098651647568;24.5196266174316;0.468252809360884;0.414941109589824;24962757.82;24110962.1
"SPEC_42";0.09;1.17385187846134;0.601629093742758;1.35032094419003;0.692074000835419;24.5310688018799;0.476342147785956;0.423749775160767;25114868.51;24266048.58
"SPEC_42";0.085;0.438590158641736;0.0898627134137691;0.504524879157543;0.103372074663639;24.5419664382934;0.485105239097598;0.433260026177907;25243551.84;24399497.45
"SPEC_42";0.085;0.438590158641736;0.0898627134137691;0.504524879157543;0.103372074663639;24.5419664382934;0.485105239097598;0.433260026177907;25243551.84;24399497.45
"SPEC_42";0.085;0.438590158641736;0.0898627134137691;0.504524879157543;0.103372074663639;24.5419664382934;0.485105239097598;0.433260026177907;25243551.84;24399497.45
"SPEC_42";0.085;0.438590158641736;0.0898627134137691;0.504524879157543;0.103372074663639;24.5419664382934;0.485105239097598;0.433260026177907;25243551.84;24399497.45
"SPEC_42";0.085;0.438590158641736;0.0898627134137691;0.504524879157543;0.103372074663639;24.5419664382934;0.485105239097598;0.433260026177907;25243551.84;24399497.45
"SPEC_42";0.085;0.438590158641736;0.0898627134137691;0.504524879157543;0.103372074663639;24.5419664382934;0.485105239097598;0.433260026177907;25243551.84;24399497.45
"SPEC_43";0.1;0.475170190862489;0.0789323101110025;0.546604109555483;0.0907984673976899;17.785834312439;0.513780365081;0.448585935363853;35721741.03;34090965.36
"SPEC_43";0.1;0.475170190862489;0.0789323101110025;0.546604109555483;0.0907984673976899;17.785834312439;0.513780365081;0.448585935363853;35721741.03;34090965.36
"SPEC_43";0.1;0.475170190862489;0.0789323101110025;0.546604109555483;0.0907984673976899;17.785834312439;0.513780365081;0.448585935363853;35721741.03;34090965.36
"SPEC_43";0.1;0.475170190862489;0.0789323101110025;0.546604109555483;0.0907984673976899;17.785834312439;0.513780365081;0.448585935363853;35721741.03;34090965.36
"SPEC_43";0.1;0.475170190862489;0.0789323101110025;0.546604109555483;0.0907984673976899;17.785834312439;0.513780365081;0.448585935363853;35721741.03;34090965.36
"SPEC_43";0.1;0.475170190862489;0.0789323101110025;0.546604109555483;0.0907984673976899;17.785834312439;0.513780365081;0.448585935363853;35721741.03;34090965.36
"SPEC_43";0.1;0.475170190862489;0.0789323101110025;0.546604109555483;0.0907984673976899;17.785834312439;0.513780365081;0.448585935363853;35721741.03;34090965.36
"SPEC_43";0.1;0.475170190862489;0.0789323101110025;0.546604109555483;0.0907984673976899;17.785834312439;0.513780365081;0.448585935363853;35721741.03;34090965.36
"SPEC_43";0.1;0.475170190862489;0.0789323101110025;0.546604109555483;0.0907984673976899;17.785834312439;0.513780365081;0.448585935363853;35721741.03;34090965.36
"SPEC_44";0.1;1.08375201330465;0.491908674730974;1.10542705357075;0.501746848225593;20.3059816360473;0.502825780071474;0.442153784154697;30630511.86;29383931.72
"SPEC_44";0.095;0.428546513704693;0.037238986103558;0.437117443978787;0.0379837658256292;20.3140106201172;0.511590408974624;0.451631424325031;30805047.63;29564896.04
"SPEC_44";0.095;0.428546513704693;0.037238986103558;0.437117443978787;0.0379837658256292;20.3140106201172;0.511590408974624;0.451631424325031;30805047.63;29564896.04
"SPEC_44";0.095;0.428546513704693;0.037238986103558;0.437117443978787;0.0379837658256292;20.3140106201172;0.511590408974624;0.451631424325031;30805047.63;29564896.04
"SPEC_44";0.095;0.428546513704693;0.037238986103558;0.437117443978787;0.0379837658256292;20.3140106201172;0.511590408974624;0.451631424325031;30805047.63;29564896.04
"SPEC_44";0.095;0.428546513704693;0.037238986103558;0.437117443978787;0.0379837658256292;20.3140106201172;0.511590408974624;0.451631424325031;30805047.63;29564896.04
"SPEC_44";0.095;0.428546513704693;0.037238986103558;0.437117443978787;0.0379837658256292;20.3140106201172;0.511590408974624;0.451631424325031;30805047.63;29564896.04
"SPEC_44";0.095;0.428546513704693;0.037238986103558;0.437117443978787;0.0379837658256292;20.3140106201172;0.511590408974624;0.451631424325031;30805047.63;29564896.04
"SPEC_44";0.095;0.428546513704693;0.037238986103558;0.437117443978787;0.0379837658256292;20.3140106201172;0.511590408974624;0.451631424325031;30805047.63;29564896.04
"SPEC_45";0.1;1.30352834878059;0.714255375758782;1.96485173106194;1.07662093639374;19.6767559051513;0.470696852995608;0.410030894841216;31629807.14;30299864.02
"SPEC_45";0.095;0.830823685257164;0.386496304753922;1.25232823491097;0.582578763365745;19.6853513717651;0.479388361156188;0.419307811408766;31834402;30509052.29
"SPEC_45";0.095;0.830823685257164;0.386496304753922;1.25232823491097;0.582578763365745;19.6853513717651;0.479388361156188;0.419307811408766;31834402;30509052.29
"SPEC_45";0.095;0.830823685257164;0.386496304753922;1.25232823491097;0.582578763365745;19.6853513717651;0.479388361156188;0.419307811408766;31834402;30509052.29
"SPEC_45";0.095;0.830823685257164;0.386496304753922;1.25232823491097;0.582578763365745;19.6853513717651;0.479388361156188;0.419307811408766;31834402;30509052.29
"SPEC_45";0.095;0.830823685257164;0.386496304753922;1.25232823491097;0.582578763365745;19.6853513717651;0.479388361156188;0.419307811408766;31834402;30509052.29
"SPEC_45";0.095;0.830823685257164;0.386496304753922;1.25232823491097;0.582578763365745;19.6853513717651;0.479388361156188;0.419307811408766;31834402;30509052.29
"SPEC_45";0.095;0.830823685257164;0.386496304753922;1.25232823491097;0.582578763365745;19.6853513717651;0.479388361156188;0.419307811408766;31834402;30509052.29
"SPEC_45";0.095;0.830823685257164;0.386496304753922;1.25232823491097;0.582578763365745;19.6853513717651;0.479388361156188;0.419307811408766;31834402;30509052.29
